,Code,Date,Close,Amount,North,PE,MainForce,MainForceRatio,rev_yoy,profit_yoy
0,600823.SH,20220602,2.96,4102.4555,0.42,11.5539,-470.2700000000001,-0.11463134700668906,-28.34,-59.08
1,600823.SH,20220526,3.01,5654.8207,0.45,11.749,-53.62000000000002,-0.009482175093544525,-28.34,-59.08
2,600823.SH,20220524,2.93,9101.702099999999,0.42,11.4368,-242.08000000000015,-0.026597222952397023,-28.34,-59.08
3,600823.SH,20220520,3.0900000000000003,11606.9891,0.46,12.0613,-683.1300000000001,-0.05885505656242927,-28.34,-59.08
4,600823.SH,20220516,3.1300000000000003,14447.835000000001,0.6,12.2174,278.5700000000001,0.01928108951964084,-28.34,-59.08
5,600823.SH,20220512,2.92,7532.5119,0.58,11.3977,-853.5,-0.11330881535016227,-28.34,-59.08
6,600823.SH,20220412,3.6,20983.5117,1.01,8.7115,-131.71999999999997,-0.006277309626872416,25.46,10.06
7,600823.SH,20220411,3.63,39751.2625,1.01,8.784,-6589.83,-0.16577662156013284,25.46,10.06
8,600823.SH,20220406,4.220000000000001,67197.2288,0.69,10.2118,11915.569999999996,0.1773223421975401,25.46,10.06
9,600823.SH,20220330,3.71,30231.7157,0.86,8.9776,6619.81,0.21896904779373802,25.46,10.06
10,600823.SH,20220328,3.6,19236.351000000002,0.88,8.7115,309.02,0.016064377282365035,25.46,10.06
11,600823.SH,20220324,3.52,17583.719,0.84,8.5179,-1367.0100000000002,-0.07774293936339634,25.46,10.06
12,600823.SH,20220323,3.53,21393.0187,0.75,8.5421,766.2499999999999,0.03581775955723349,25.46,10.06
13,600823.SH,20220321,3.27,11016.8738,0.66,7.9129,-413.05000000000007,-0.03749248720630712,25.46,10.06
14,600823.SH,20220310,3.06,4732.7612,0.59,7.4047,-158.14,-0.033413898001023165,25.46,10.06
15,600823.SH,20220308,3.12,8692.4483,0.67,7.5499,-520.26,-0.059851952182447835,25.46,10.06
16,600823.SH,20220307,3.28,8010.616,0.72,7.9371,88.67999999999998,0.011070309699029385,25.46,10.06
17,600823.SH,20220304,3.26,5369.9884,0.72,7.8887,-296.35999999999996,-0.05518820115142147,25.46,10.06
18,600823.SH,20220303,3.32,6730.991899999999,0.74,8.0339,455.29999999999984,0.06764233366556271,25.46,10.06
19,600823.SH,20220224,3.29,7668.2570000000005,0.67,7.9613,-470.24,-0.061322931664914204,25.46,10.06
20,600823.SH,20220223,3.4,5367.9945,0.69,8.2275,-169.6200000000001,-0.03159839303114042,25.46,10.06
21,600823.SH,20220222,3.43,6615.8483,0.71,8.3001,-287.2900000000002,-0.043424514434528404,25.46,10.06
22,600823.SH,20220217,3.34,5250.2623,0.63,8.0823,35.74000000000001,0.006807278942996811,25.46,10.06
23,600823.SH,20220127,3.26,4920.8858,0.73,7.8887,-82.21000000000004,-0.016706341772857243,25.46,10.06
24,600823.SH,20220126,3.35,7777.4692,0.73,8.1065,-635.6800000000001,-0.08173352843364524,25.46,10.06
25,600823.SH,20220125,3.31,7796.6967,0.7,8.0097,-1294.5900000000001,-0.16604339630141057,25.46,10.06
26,600823.SH,20220124,3.45,7306.0031,0.71,8.3485,146.02000000000004,0.01998630413940011,25.46,10.06
27,600823.SH,20220119,3.53,9488.850999999999,0.7,8.5421,36.46000000000012,0.003842404101402807,25.46,10.06
28,600823.SH,20220118,3.49,10970.3479,0.69,8.4453,418.3299999999997,0.03813279248874137,25.46,10.06
29,600823.SH,20220114,3.43,16383.5894,0.73,8.3001,-1351.4,-0.08248497731516637,25.46,10.06
30,600823.SH,20211223,3.27,10054.670600000001,0.92,7.9129,-285.90000000000003,-0.02843454662751458,25.46,10.06
31,600823.SH,20211222,3.3600000000000003,17077.0708,0.95,8.1307,-1453.5599999999997,-0.08511764207243315,25.46,10.06
32,600823.SH,20211215,3.19,7907.1858999999995,0.96,7.7193,899.64,0.11377499041726084,25.46,10.06
33,600823.SH,20211214,3.21,7567.910099999999,0.97,7.7677,148.5200000000001,0.019624968853686583,25.46,10.06
34,600823.SH,20211130,3.09,2300.4328,0.89,7.4773,21.930000000000017,0.00953298874889978,25.46,10.06
35,600823.SH,20211126,3.1,2725.6552,0.84,7.5015,-232.61,-0.08534094848093772,25.46,10.06
36,600823.SH,20211124,3.1300000000000003,3932.6163,0.87,7.5741,-62.20000000000002,-0.0158164426059059,25.46,10.06
37,600823.SH,20211122,3.11,3452.2207000000003,0.82,7.5257,1.8700000000000045,0.0005416803160933495,25.46,10.06
38,600823.SH,20211118,3.0700000000000003,3661.8569,0.83,7.4289,-688.5800000000002,-0.18804120936566365,25.46,10.06
39,600823.SH,20211117,3.12,2740.7394,0.87,7.5499,206.51999999999998,0.07535192875324082,25.46,10.06
40,600823.SH,20211116,3.1300000000000003,4323.2510999999995,0.91,7.5741,598.5500000000002,0.13844904821743995,25.46,10.06
41,600823.SH,20211115,3.14,4326.7113,0.94,7.5983,-259.4700000000002,-0.059969335139139095,25.46,10.06
42,600823.SH,20211110,3.06,4126.6925,0.89,7.4047,278.28000000000003,0.06743414974583156,25.46,10.06
43,600823.SH,20211109,3.01,3102.8504000000003,0.88,7.2837,-266.69000000000005,-0.0859500026169486,25.46,10.06
44,600823.SH,20211108,3.04,3875.656,0.9,7.3563,50.539999999999935,0.013040373036203402,25.46,10.06
45,600823.SH,20211101,3.1100000000000003,8727.073699999999,0.88,7.5257,588.1999999999999,0.06739945372525043,25.46,10.06
46,600823.SH,20211029,3.16,12211.5343,0.86,7.6467,2082.78,0.17055842032888532,25.46,10.06
47,600823.SH,20211028,3.33,4537.242700000001,0.94,8.0581,-632.0500000000001,-0.13930266503046002,29.98,10.03
48,600823.SH,20211022,3.49,5980.1423,1.04,8.4453,72.1700000000001,0.012068274696406488,29.98,10.03
49,600823.SH,20211020,3.39,3913.3205000000003,1.03,8.2033,66.26000000000005,0.016931912425777556,29.98,10.03
50,600823.SH,20211015,3.45,4353.9275,1.1,8.3485,-85.97,-0.019745390799456353,29.98,10.03
51,600823.SH,20211012,3.61,5447.3049,1.15,8.7357,-434.3299999999999,-0.07973300705088124,29.98,10.03
52,600823.SH,20210929,3.55,5269.7538,1.01,8.5905,-383.49,-0.0727719006531197,29.98,10.03
53,600823.SH,20210914,3.68,8379.0917,1.06,8.905,-342.8,-0.04091135558284915,29.98,10.03
54,600823.SH,20210913,3.82,5270.3489,1.08,9.2438,54.629999999999995,0.010365537659186092,29.98,10.03
55,600823.SH,20210909,3.8,5811.6898,1.05,9.1954,-624.2599999999999,-0.10741454232467808,29.98,10.03
56,600823.SH,20210907,3.72,6725.426700000001,1.01,9.0018,-849.42,-0.12629979299306018,29.98,10.03
57,600823.SH,20210830,3.43,5621.9574999999995,0.82,8.3001,-101.60999999999997,-0.018073775904567043,29.98,10.03
58,600823.SH,20210827,3.49,5174.4248,0.84,8.4453,-360.34999999999985,-0.06964059077638926,29.98,10.03
59,600823.SH,20210826,3.55,4933.0352,0.86,8.5905,-579.1199999999999,-0.11739628373217362,29.98,10.03
60,600823.SH,20210825,3.54,6764.6034,0.88,8.5663,-292.3199999999999,-0.04321317639996454,29.98,10.03
61,600823.SH,20210823,3.71,12947.0417,1.0,8.9776,406.18000000000006,0.03137241768519214,29.98,10.03
62,600823.SH,20210820,3.58,9922.3333,1.02,8.6631,-1460.48,-0.14719118536362813,29.98,10.03
63,600823.SH,20210817,3.43,3807.4983999999995,1.01,8.3001,-409.98999999999995,-0.10767962502623771,31.37,9.87
64,600823.SH,20210816,3.45,4229.3448,0.97,8.3485,-311.15999999999997,-0.07357167947148692,31.37,9.87
65,600823.SH,20210805,3.33,4675.4938999999995,0.8,8.0581,-195.32999999999998,-0.04177740452190516,31.37,9.87
66,600823.SH,20210727,3.45,7188.688800000001,0.78,8.3485,-2130.34,-0.29634611530269606,31.37,9.87
67,600823.SH,20210723,3.66,2634.7076,0.79,8.8566,161.91999999999996,0.06145653506294207,31.37,9.87
68,600823.SH,20210722,3.68,3787.4015,0.81,8.905,-17.27999999999983,-0.004562494892606403,31.37,9.87
69,600823.SH,20210721,3.69,2491.0551,0.79,8.9292,-283.86,-0.11395171467704589,31.37,9.87
70,600823.SH,20210713,4.04,3547.1288999999997,0.86,9.7762,194.77,0.05490919712559643,31.37,9.87
71,600823.SH,20210708,4.02,2095.2637,0.85,9.7278,-400.82000000000005,-0.19129811679551365,31.37,9.87
72,600823.SH,20210702,4.04,2953.4414,0.87,9.7762,21.100000000000023,0.007144208109224724,31.37,9.87
73,600823.SH,20210629,4.04,2151.5947,0.88,9.7762,189.98999999999998,0.08830194645859649,31.37,9.87
74,600823.SH,20210625,4.08,1525.3034,0.89,9.873,129.71,0.08503881916214177,31.37,9.87
75,600823.SH,20210624,4.09,2430.8174,0.9,9.8972,147.42999999999998,0.0606503804029048,31.37,9.87
76,600823.SH,20210623,4.050000000000001,1979.7442999999998,0.9,9.8004,-62.06999999999999,-0.0313525337590314,31.37,9.87
77,600823.SH,20210622,4.07,1351.5556000000001,0.9,9.8488,108.69999999999999,0.08042584411621688,31.37,9.87
78,600823.SH,20210617,4.04,4911.076,0.9,9.7762,-687.0199999999999,-0.13989195035874008,31.37,9.87
79,600823.SH,20210616,4.07,2401.5996999999998,0.9,9.8488,-201.56,-0.08392739222943775,31.37,9.87
80,600823.SH,20210615,4.090000000000001,4174.2948,0.91,9.8972,-264.2099999999999,-0.06329452342465126,31.37,9.87
81,600823.SH,20210609,4.199999999999999,3910.8241000000003,1.02,10.1634,-522.3699999999999,-0.13357031322375246,31.37,9.87
82,600823.SH,20210602,4.29,5319.0759,1.14,10.3811,1052.9099999999999,0.1979497980090865,31.37,9.87
83,600823.SH,20210528,4.2700000000000005,2774.3979,1.19,10.3328,-40.74999999999994,-0.014687871555842781,31.37,9.87
84,600823.SH,20210524,4.25,2424.0807,1.22,10.2844,160.82999999999998,0.06634680107803341,31.37,9.87
85,600823.SH,20210520,4.2700000000000005,3001.9379,1.25,10.3328,-41.94,-0.013970975215709825,31.37,9.87
86,600823.SH,20210513,4.239999999999999,4443.4545,1.28,10.2602,527.28,0.11866443101870403,31.37,9.87
87,600823.SH,20210507,4.24,3568.7038000000002,1.34,10.2602,296.22999999999996,0.08300772958517878,31.37,9.87
88,600823.SH,20210506,4.18,3782.7201,1.36,10.115,-82.01999999999998,-0.02168280967973284,31.37,9.87
89,600823.SH,20210430,4.19,3655.8535,1.39,10.1392,-332.78999999999996,-0.0910293588077312,31.37,9.87
90,600823.SH,20210429,4.24,2793.3599999999997,1.4,10.2602,62.47999999999996,0.02236732823552996,1.19,-36.2
91,600823.SH,20210427,4.24,2841.6214,1.4,10.2602,-780.17,-0.27455100105876173,1.19,-36.2
92,600823.SH,20210426,4.26,2993.8499,1.4,10.3086,214.91000000000008,0.07178382590256113,1.19,-36.2
93,600823.SH,20210423,4.26,3152.5569,1.41,10.3086,92.87999999999991,0.02946179972199706,1.19,-36.2
94,600823.SH,20210422,4.2700000000000005,3531.6737000000003,1.44,10.3328,-434.83000000000004,-0.12312292610724485,1.19,-36.2
95,600823.SH,20210419,4.359999999999999,4881.1793,1.52,10.5505,359.3399999999999,0.07361745551940695,1.19,-36.2
96,600823.SH,20210416,4.37,6911.7575,1.53,10.5747,672.7500000000002,0.09733414402921403,1.19,-36.2
97,600823.SH,20210415,4.28,2659.4124,1.5,10.3569,367.06,0.13802297078858472,1.19,-36.2
98,600823.SH,20210413,4.26,3146.3643,1.52,10.3086,-59.549999999999955,-0.01892660681409332,1.19,-36.2
99,600823.SH,20210412,4.28,4195.5226999999995,1.52,10.3569,-652.88,-0.15561350675089902,1.19,-36.2
100,600823.SH,20210330,4.37,7787.6821,1.79,10.5747,-1107.69,-0.14223616035893402,1.19,-36.2
101,600823.SH,20210329,4.430000000000001,7640.7933,1.84,10.7199,417.2299999999999,0.0546055865691328,1.19,-36.2
102,600823.SH,20210325,4.5,7839.518099999999,1.91,10.8893,-879.9999999999998,-0.11225179772210742,-20.3,-30.04
103,600823.SH,20210324,4.55,7939.061,1.97,7.0251,-472.7900000000001,-0.05955238283217626,-20.3,-30.04
104,600823.SH,20210323,4.59,6629.929300000001,1.95,7.0869,-1234.68,-0.1862282302165726,-20.3,-30.04
105,600823.SH,20210309,4.45,8678.0327,1.87,6.8707,-86.70000000000009,-0.009990743639396529,-20.3,-30.04
106,600823.SH,20210304,4.6,7602.096799999999,1.83,7.1023,-648.2199999999998,-0.08526858011068733,-20.3,-30.04
107,600823.SH,20210226,4.73,29917.0081,1.74,7.303,-5520.76,-0.18453583264564483,-20.3,-30.04
108,600823.SH,20210224,4.61,6915.349800000001,1.95,7.1177,-1179.36,-0.17054234913756636,-20.3,-30.04
109,600823.SH,20210223,4.65,8239.7038,1.97,7.1795,-250.3400000000001,-0.030382160096580183,-20.3,-30.04
110,600823.SH,20210219,4.75,14665.7171,2.06,7.3339,47.57000000000028,0.003243619093129805,-20.3,-30.04
111,600823.SH,20210210,4.449999999999999,3808.9551,1.98,6.8707,207.29999999999995,0.054424374810824086,-20.3,-30.04
112,600823.SH,20210209,4.44,5725.5512,1.99,6.8553,91.62,0.01600195279015233,-20.3,-30.04
113,600823.SH,20210208,4.43,9241.8193,2.06,6.8398,912.0700000000002,0.09868944310564481,-20.3,-30.04
114,600823.SH,20210204,4.44,5185.063,2.16,6.8553,-205.23000000000008,-0.03958100412666154,-20.3,-30.04
115,600823.SH,20210203,4.4,7816.0097,2.16,6.7935,-568.56,-0.07274300081792374,-20.3,-30.04
116,600823.SH,20210202,4.4,6332.8921,2.16,6.7935,561.34,0.08863880690466841,-20.3,-30.04
117,600823.SH,20210128,4.44,3953.8214999999996,2.17,6.8553,-189.73,-0.047986485985773514,-20.3,-30.04
118,600823.SH,20210127,4.45,5897.9536,2.15,6.8707,317.16,0.05377458378105925,-20.3,-30.04
119,600823.SH,20210126,4.56,7808.905400000001,2.18,7.0405,142.95000000000002,0.018306022762165874,-20.3,-30.04
120,600823.SH,20210121,4.7,10635.4272,2.1,7.2567,-2175.11,-0.20451552712428892,-20.3,-30.04
121,600823.SH,20210119,5.05,17198.5316,2.3,7.7971,1650.1099999999997,0.09594481891698241,-20.3,-30.04
122,600823.SH,20210118,4.77,13610.1928,2.32,7.3648,1381.17,0.10148056095134816,-20.3,-30.04
123,600823.SH,20210114,4.71,12211.9272,2.35,7.2721,818.96,0.06706230610349528,-20.3,-30.04
124,600823.SH,20210112,4.42,13754.2745,2.31,6.8244,528.6499999999996,0.03843532423320471,-20.3,-30.04
125,600823.SH,20210111,4.58,18711.8834,2.43,7.0714,1019.1899999999998,0.054467526235226535,-20.3,-30.04
126,600823.SH,20201228,4.569999999999999,10405.932700000001,2.36,7.056,-1464.1899999999998,-0.14070723328817988,-20.3,-30.04
127,600823.SH,20201224,4.73,5846.0141,2.2,7.303,-1140.6000000000001,-0.19510729541346813,-20.3,-30.04
128,600823.SH,20201222,5.04,3828.7411999999995,2.14,7.7817,-84.80000000000001,-0.02214827160425469,-20.3,-30.04
129,600823.SH,20201221,5.13,4543.194799999999,2.15,7.9206,-581.1999999999999,-0.12792759843799786,-20.3,-30.04
130,600823.SH,20201210,5.69,7394.7499,2.31,8.7852,790.77,0.10693667949473179,-20.3,-30.04
131,600823.SH,20201209,5.64,8154.6157,2.3,8.708,627.67,0.07697113182169946,-20.3,-30.04
132,600823.SH,20201207,5.54,7057.4804,2.26,8.5536,-1450.0900000000001,-0.2054685125303359,-20.3,-30.04
133,600823.SH,20201203,5.699999999999999,6462.8885,2.19,8.8007,-990.18,-0.15321013197117667,-20.3,-30.04
134,600823.SH,20201130,5.569999999999999,7353.6353,2.01,8.6,-1182.49,-0.1608034600247309,-20.3,-30.04
135,600823.SH,20201125,5.77,5571.0052000000005,1.96,8.9088,-12.790000000000077,-0.0022958154840710034,-20.3,-30.04
136,600823.SH,20201123,5.949999999999999,8217.1453,2.06,9.1867,-545.6899999999998,-0.06640870765666025,-20.3,-30.04
137,600823.SH,20201119,6.12,9471.7464,2.09,9.4492,2631.8399999999992,0.2778621691138183,-20.3,-30.04
138,600823.SH,20201117,6.12,9517.283800000001,2.24,9.4492,1760.4699999999998,0.1849760958058222,-20.3,-30.04
139,600823.SH,20201116,5.85,4566.868,2.27,9.0323,437.61,0.09582278270359466,-20.3,-30.04
140,600823.SH,20201113,5.96,5218.136,2.27,9.2021,-197.01999999999998,-0.03775677751595588,-20.3,-30.04
141,600823.SH,20201112,5.99,10218.3716,2.31,9.2484,-754.6500000000002,-0.07385227603192666,-20.3,-30.04
142,600823.SH,20201110,6.18,9334.2372,2.39,9.5418,1032.6,0.11062500104454169,-20.3,-30.04
143,600823.SH,20201105,6.07,5321.7171,2.48,9.372,-218.25000000000006,-0.04101119918606723,-20.3,-30.04
144,600823.SH,20201102,5.87,5634.3462,2.49,9.0632,170.3599999999999,0.030235983724251788,-20.3,-30.04
145,600823.SH,20201030,5.79,6826.7519,2.49,8.9396,16.50999999999999,0.002418426836340719,-20.3,-30.04
146,600823.SH,20201029,5.91,8206.2207,2.54,9.1249,-237.41999999999985,-0.028931710306060846,-28.58,-34.48
147,600823.SH,20201023,6.14,5495.8002,2.59,9.48,-129.57999999999998,-0.023578004163979614,-28.58,-34.48
148,600823.SH,20201021,6.19,20040.2299,2.66,9.5572,-2752.870000000001,-0.13736718659100816,-28.58,-34.48
149,600823.SH,20201019,6.34,28371.4518,2.88,9.7888,3450.33,0.12161274031101926,-28.58,-34.48
150,600823.SH,20201016,6.2700000000000005,8758.8624,2.98,9.6808,483.7900000000001,0.05523434184786372,-28.58,-34.48
151,600823.SH,20201015,6.25,8434.3456,3.04,9.6499,322.6,0.03824837341263322,-28.58,-34.48
152,600823.SH,20200924,6.31,10888.1553,3.21,9.7425,-1351.4899999999998,-0.12412479090925528,-28.58,-34.48
153,600823.SH,20200917,6.44,20561.3736,3.24,9.9432,-654.2400000000002,-0.031818885874434,-28.58,-34.48
154,600823.SH,20200914,6.34,30167.5933,3.37,9.7888,-1777.8499999999992,-0.0589324439082782,-28.58,-34.48
155,600823.SH,20200904,6.28,35542.4427,2.88,9.6962,-1379.3900000000008,-0.038809656715012464,-28.58,-34.48
156,600823.SH,20200901,6.82,75652.8621,2.96,10.5299,3357.3099999999986,0.044377831939288896,-28.58,-34.48
157,600823.SH,20200831,6.58,76136.0333,3.0,10.1594,5816.040000000001,0.0763901105417847,-28.58,-34.48
158,600823.SH,20200821,5.05,37456.582500000004,3.42,7.7971,6559.5999999999985,0.17512542688591512,-28.58,-34.48
159,600823.SH,20200819,4.5200000000000005,4550.1605,3.39,6.9788,-222.53000000000003,-0.04890596716313634,-11.91,-18.04
160,600823.SH,20200818,4.54,4095.4457,3.38,7.0097,-658.68,-0.16083231185313968,-11.91,-18.04
161,600823.SH,20200812,4.39,3197.7434000000003,3.33,6.7781,-57.91999999999996,-0.018112772901040138,-11.91,-18.04
162,600823.SH,20200723,4.51,3717.7625999999996,3.27,6.9633,-302.59000000000003,-0.08139035020686906,-11.91,-18.04
163,600823.SH,20200717,4.38,5439.6031,3.21,6.7626,-514.31,-0.09454917767805521,-11.91,-18.04
164,600823.SH,20200715,4.92,9990.5237,3.18,7.5964,-222.60000000000002,-0.02228111425229891,-11.91,-18.04
165,600823.SH,20200710,5.03,8699.794100000001,3.33,7.7662,-1020.98,-0.11735680043278264,-11.91,-18.04
166,600823.SH,20200702,4.74,12826.7075,2.92,7.3185,-351.9899999999999,-0.027441960456336897,-11.91,-18.04
167,600823.SH,20200629,4.29,2221.6239,2.75,6.6237,-284.67,-0.1281359999773139,-11.91,-18.04
168,600823.SH,20200624,4.35,2715.8679,2.74,6.7163,326.21,0.12011261667034688,-11.91,-18.04
169,600823.SH,20200623,4.28,2831.9108,2.72,6.6082,-522.3599999999999,-0.18445496235262773,-11.91,-18.04
170,600823.SH,20200622,4.32,2375.6841,2.7,6.67,51.97999999999996,0.021880013424343734,-11.91,-18.04
171,600823.SH,20200609,4.4,3161.9781,2.85,6.7935,205.60000000000002,0.06502258823361239,-11.91,-18.04
172,600823.SH,20200608,4.41,3751.4525000000003,2.9,6.8089,-68.64999999999996,-0.01829957862987735,-11.91,-18.04
173,600823.SH,20200603,4.42,4079.9790999999996,2.89,6.8244,159.64,0.03912765141370455,-11.91,-18.04
174,600823.SH,20200525,4.22,2596.5603,2.82,6.5156,180.4899999999999,0.06951119140194814,-11.91,-18.04
175,600823.SH,20200522,4.23,3277.0182999999997,2.82,6.531,100.70000000000005,0.03072915399953673,-11.91,-18.04
176,600823.SH,20200520,4.21,2837.8986,2.82,6.5002,711.3800000000001,0.25067139467210003,-11.91,-18.04
177,600823.SH,20200519,4.18,4841.564899999999,2.85,6.4538,118.94999999999982,0.024568502634344493,-11.91,-18.04
178,600823.SH,20200513,4.180000000000001,1813.5778999999998,2.87,6.4538,-21.980000000000018,-0.012119688930924898,-11.91,-18.04
179,600823.SH,20200511,4.23,4114.6952,2.87,6.531,801.4100000000001,0.19476776797464854,-11.91,-18.04
180,600823.SH,20200508,4.21,3774.3714,2.87,6.5002,743.1000000000001,0.19688046597640077,-11.91,-18.04
181,600823.SH,20200507,4.16,3651.155,2.83,6.423,1239.85,0.33957747616850004,-11.91,-18.04
182,600823.SH,20200506,4.13,5080.1951,2.82,6.3766,819.26,0.16126546006077602,-11.91,-18.04
183,600823.SH,20200429,4.07,1945.4569999999999,2.81,6.284,-148.33999999999997,-0.07624943650772029,-11.91,-18.05
184,600823.SH,20200428,4.02,3539.6443,2.81,6.2068,560.38,0.15831534258964947,3.75,1.07
185,600823.SH,20200424,4.0200000000000005,2896.3075,2.81,6.2068,443.39,0.15308802673749247,3.75,1.07
186,600823.SH,20200420,4.19,3207.9466,2.83,6.4693,596.26,0.18586967750647718,3.75,1.07
187,600823.SH,20200415,4.19,3129.2043000000003,2.84,6.4693,956.21,0.3055760852687055,3.75,1.07
188,600823.SH,20200407,4.17,4772.5952,2.89,6.4384,945.3900000000001,0.19808719583005913,3.75,1.07
189,600823.SH,20200402,4.15,3443.9692000000005,2.93,6.4075,318.98,0.0926198759268811,3.75,1.07
190,600823.SH,20200401,4.11,5048.4879,2.91,6.3458,803.0300000000002,0.15906346928156453,3.75,1.07
191,600823.SH,20200331,4.08,4238.2896,2.91,6.2994,1022.15,0.24117040043700647,3.75,1.07
192,600823.SH,20200330,4.12,5339.9662,2.97,6.3612,567.4299999999998,0.10626097221364432,3.75,1.07
193,600823.SH,20200325,3.96,4324.5584,2.82,6.1796,462.1699999999999,0.10687102757127755,4.81,4.4
194,600823.SH,20200320,3.81,4115.9211000000005,2.92,5.9455,-265.97,-0.06461980041356964,4.81,4.4
195,600823.SH,20200319,3.81,4785.1474,2.93,5.9455,-1187.81,-0.2482285080706187,4.81,4.4
196,600823.SH,20200313,4.14,8126.7555999999995,2.94,6.4605,263.4599999999999,0.03241884129012074,4.81,4.4
197,600823.SH,20200310,4.24,5625.5847,2.98,6.6165,-266.4499999999999,-0.04736396556254852,4.81,4.4
198,600823.SH,20200227,4.09,5639.093,2.9,6.3825,185.29000000000008,0.032858120977965796,4.81,4.4
199,600823.SH,20200226,4.1,7713.088099999999,2.94,6.3981,269.4699999999999,0.03493672009269542,4.81,4.4
200,600823.SH,20200221,4.140000000000001,5999.9622,2.92,6.4605,502.5899999999999,0.08376552772282464,4.81,4.4
201,600823.SH,20200219,4.15,5968.6042,2.93,6.4761,943.3199999999995,0.15804700201095584,4.81,4.4
202,600823.SH,20200217,4.2,4738.6914,2.96,6.5541,6.680000000000064,0.0014096718769236723,4.81,4.4
203,600823.SH,20200211,4.01,4335.580599999999,2.91,6.2576,956.3900000000003,0.2205909861299777,4.81,4.4
204,600823.SH,20200207,3.92,4013.8048000000003,2.9,6.1172,-42.29000000000002,-0.010536137681633152,4.81,4.4
205,600823.SH,20200206,3.94,4879.3442000000005,2.9,6.1484,690.9999999999998,0.14161739194377795,4.81,4.4
206,600823.SH,20200117,4.22,3361.9688,2.98,6.5853,-180.35000000000014,-0.05364416231346351,4.81,4.4
207,600823.SH,20200116,4.27,4852.3098,3.0,6.6633,-616.6,-0.12707350219064745,4.81,4.4
208,600823.SH,20191231,4.5,5944.7631,3.23,7.0223,351.79999999999995,0.05917813613127829,4.81,4.4
209,600823.SH,20191230,4.57,10475.4602,3.24,7.1315,-105.04000000000008,-0.010027244435523709,4.81,4.4
210,600823.SH,20191220,4.24,4191.3359,3.14,6.6165,368.35,0.08788367451055402,4.81,4.4
211,600823.SH,20191212,4.08,5178.5345,3.03,6.3669,-56.7800000000001,-0.010964491981273873,4.81,4.4
212,600823.SH,20191121,3.81,2422.463,3.08,5.9455,38.10000000000002,0.01572779439768534,4.81,4.4
213,600823.SH,20191120,3.82,2418.278,3.1,5.9611,33.78000000000003,0.013968617338453244,4.81,4.4
214,600823.SH,20191115,3.75,2807.2347,3.14,5.8519,-114.07999999999998,-0.04063785617924999,4.81,4.4
215,600823.SH,20191113,3.79,3892.6432,3.14,5.9143,-0.23999999999998067,-6.165476455689046e-05,4.81,4.4
216,600823.SH,20191111,3.84,4343.2080000000005,3.15,5.9923,-202.57000000000005,-0.04664063982199333,4.81,4.4
217,600823.SH,20191108,3.93,3653.5121,3.16,6.1328,-596.3599999999999,-0.1632292390656103,4.81,4.4
218,600823.SH,20191101,4.04,3786.1737000000003,3.24,6.3044,-436.76000000000005,-0.11535656697419878,4.81,4.4
219,600823.SH,20191031,4.03,4395.793299999999,3.25,6.2888,-174.44000000000005,-0.03968339457635555,4.81,4.4
220,600823.SH,20191025,4.42,4171.3752,3.39,6.8974,-84.30999999999995,-0.020211559967082304,5.54,9.8
221,600823.SH,20191018,4.23,7097.5577,3.32,6.6009,-823.9300000000001,-0.11608641096359104,5.54,9.8
222,600823.SH,20191017,4.35,5795.3966,3.29,6.7882,259.81000000000006,0.044830409018081704,5.54,9.8
223,600823.SH,20191016,4.4,6503.7036,3.23,6.8662,781.51,0.12016384018484483,5.54,9.8
224,600823.SH,20191015,4.43,4589.8712,3.16,6.913,315.15,0.0686620574450978,5.54,9.8
225,600823.SH,20191014,4.45,6287.8969,3.1,6.9442,-1144.96,-0.18208949959087276,5.54,9.8
226,600823.SH,20190924,4.43,4976.0271,2.91,6.913,-699.55,-0.1405840414333756,5.54,9.8
227,600823.SH,20190923,4.41,5407.2822,2.88,6.8818,-493.90000000000003,-0.09133978618685744,5.54,9.8
228,600823.SH,20190919,4.44,7330.380999999999,2.67,6.9286,168.43999999999994,0.022978341780597756,5.54,9.8
229,600823.SH,20190918,4.41,10679.735700000001,2.51,6.8818,-476.9899999999999,-0.0446630903047535,5.54,9.8
230,600823.SH,20190917,4.27,4109.6564,2.3,6.6633,-54.5,-0.01326144930267163,5.54,9.8
231,600823.SH,20190827,4.08,5871.947099999999,1.96,6.3669,-794.1400000000001,-0.13524304399813142,5.54,9.8
232,600823.SH,20190823,3.98,4543.973,1.9,6.2108,-308.18,-0.06782170580679067,19.25,5.25
233,600823.SH,20190822,3.9,2584.2763,1.87,6.086,171.06999999999994,0.06619648216407817,19.25,5.25
234,600823.SH,20190813,3.7,1725.5922999999998,1.59,5.7739,-106.57,-0.06175850460157942,19.25,5.25
235,600823.SH,20190808,3.7,2141.8496999999998,1.61,5.7739,-125.35999999999993,-0.058528850086913164,19.25,5.25
236,600823.SH,20190802,3.79,4550.8686,1.6,5.9143,-728.46,-0.1600705412588709,19.25,5.25
237,600823.SH,20190723,4.12,2228.2613,1.63,6.4293,-542.46,-0.24344541638810493,19.25,5.25
238,600823.SH,20190719,4.16,2905.8668000000002,1.63,6.4917,-164.94000000000005,-0.056761032542854355,19.25,5.25
239,600823.SH,20190718,4.11,2517.7533,1.61,6.4137,71.7299999999999,0.02848968562567266,19.25,5.25
240,600823.SH,20190717,4.15,2982.5532,1.63,6.4761,169.04000000000002,0.056676273201094966,19.25,5.25
241,600823.SH,20190711,4.12,5498.1388,1.61,6.4293,-455.29999999999984,-0.08280984103202339,19.25,5.25
242,600823.SH,20190710,4.449999999999999,9265.976200000001,1.63,6.9442,-1766.47,-0.1906404637646274,19.25,5.25
243,600823.SH,20190709,4.569999999999999,3193.0284,1.71,7.1315,-163.54000000000002,-0.051217834454588634,19.25,5.25
244,600823.SH,20190704,4.81,9455.7081,1.87,7.506,1705.25,0.1803408038790876,19.25,5.25
245,600823.SH,20190702,4.73,5673.4102,1.86,7.3812,298.94,0.05269141300588489,19.25,5.25
246,600823.SH,20190627,4.68,3281.4747,1.9,7.3032,-292.68999999999994,-0.0891946538548659,19.25,5.25
247,600823.SH,20190621,4.77,5828.1916,1.99,7.4436,-800.5000000000001,-0.13734963689251398,19.25,5.25
248,600823.SH,20190619,4.63,4609.719999999999,2.0,7.2251,227.78999999999996,0.04941514885936673,19.25,5.25
249,600823.SH,20190605,4.48,4241.5158,1.94,6.9911,-336.3899999999999,-0.07930891121518394,19.25,5.25
250,600823.SH,20190531,4.56,3559.9736,1.91,7.1159,-99.05000000000007,-0.02782324003751041,19.25,5.25
251,600823.SH,20190530,4.62,2742.1158,1.92,7.2095,-667.57,-0.24345069599175936,19.25,5.25
252,600823.SH,20190524,4.63,2402.7055,1.92,7.2251,21.370000000000005,0.00889414037633826,19.25,5.25
253,600823.SH,20190523,4.67,4980.6813,1.94,7.2876,-859.51,-0.1725687608239459,19.25,5.25
254,600823.SH,20190520,4.569999999999999,3081.6177,1.95,7.1315,0.4800000000000182,0.00015576234521239225,19.25,5.25
255,600823.SH,20190509,4.6,4673.0515,1.96,7.1783,57.03,0.012204017011154276,19.25,5.25
256,600823.SH,20190507,4.74,7104.609399999999,2.04,7.3968,716.01,0.10078105067957713,19.25,5.25
257,600823.SH,20190429,5.01,8891.521499999999,2.21,7.8181,178.69000000000005,0.02009667299348037,10.74,7.96
258,600823.SH,20190424,5.24,7711.7084,2.2,8.177,-1009.0299999999997,-0.13084389964745033,10.74,7.96
259,600823.SH,20190418,5.47,7257.157300000001,2.17,8.536,-805.1500000000001,-0.11094564534242629,10.74,7.96
260,600823.SH,20190416,5.569999999999999,13537.834299999999,2.15,8.692,-1509.8400000000001,-0.11152743980623255,10.74,7.96
261,600823.SH,20190411,5.6,10974.615099999999,1.96,8.7388,-698.48,-0.06364505667264814,10.74,7.96
262,600823.SH,20190408,5.79,22090.6483,1.88,9.0353,522.6100000000006,0.0236575220836774,10.74,7.96
263,600823.SH,20190404,5.79,24990.961,1.9,9.0353,970.789999999999,0.03884564503141752,10.74,7.96
264,600823.SH,20190402,5.44,15824.4962,1.84,8.4891,-293.42000000000075,-0.018542138485268225,10.74,7.96
265,600823.SH,20190320,4.82,16288.290299999999,1.4,8.1251,3285.83,0.20172958238594263,24.27,5.76
266,600823.SH,20190314,4.42,13027.3822,1.23,7.4509,-657.2899999999995,-0.05045449576201115,24.27,5.76
267,600823.SH,20190308,4.33,14298.516500000002,1.34,7.2991,-1764.3799999999999,-0.12339601804145205,24.27,5.76
268,600823.SH,20190307,4.58,13119.4264,1.35,7.7206,-1391.3600000000008,-0.1060534170914668,24.27,5.76
269,600823.SH,20190306,4.58,12090.1894,1.34,7.7206,226.8299999999998,0.018761492685962375,24.27,5.76
270,600823.SH,20190305,4.53,10340.2891,1.34,7.6363,-138.38999999999987,-0.01338357164501328,24.27,5.76
271,600823.SH,20190304,4.46,14707.9084,1.32,7.5183,1066.7100000000003,0.07252628796627536,24.27,5.76
272,600823.SH,20190301,4.4,7186.0241,1.31,7.4171,-353.26000000000005,-0.049159311892650076,24.27,5.76
273,600823.SH,20190228,4.39,6127.8868999999995,1.32,7.4003,-491.0799999999999,-0.080138554776525,24.27,5.76
274,600823.SH,20190227,4.38,9773.0776,1.32,7.3834,363.52999999999986,0.037197085184302627,24.27,5.76
275,600823.SH,20190226,4.33,12415.8885,1.29,7.2991,-645.1400000000001,-0.05196084033776561,24.27,5.76
276,600823.SH,20190225,4.35,16006.6441,1.3,7.3329,-76.13999999999987,-0.00475677471956785,24.27,5.76
277,600823.SH,20190222,4.13,4161.521699999999,1.27,6.962,-1.2900000000000205,-0.0003099827642374232,24.27,5.76
278,600823.SH,20190221,4.08,4947.3817,1.25,6.8777,115.24999999999989,0.023295150240782894,24.27,5.76
279,600823.SH,20190220,4.11,3674.8968,1.27,6.9283,-73.20000000000016,-0.019918926702921332,24.27,5.76
280,600823.SH,20190219,4.1,4486.5190999999995,1.26,6.9114,270.53000000000014,0.060298417095783714,24.27,5.76
281,600823.SH,20190218,4.14,4494.3683,1.26,6.9789,241.79999999999998,0.05380066426687817,24.27,5.76
282,600823.SH,20190215,4.05,2885.806,1.28,6.8271,-385.79,-0.1336853551486136,24.27,5.76
283,600823.SH,20190214,4.08,3369.9963000000002,1.28,6.8777,-359.65,-0.10672118542088606,24.27,5.76
284,600823.SH,20190213,4.1,4828.796899999999,1.27,6.9114,875.8399999999998,0.18137851273057268,24.27,5.76
285,600823.SH,20190212,4.04,4189.7597000000005,1.27,6.8103,354.08,0.0845108133528517,24.27,5.76
286,600823.SH,20190211,4.0,3996.2733,1.26,6.7429,-421.21,-0.10540069919642382,24.27,5.76
287,600823.SH,20190201,3.96,3436.9066,1.21,6.6754,85.32999999999993,0.024827558595860572,24.27,5.76
288,600823.SH,20190131,3.91,3739.721,1.19,6.5911,428.69000000000005,0.11463154604314067,24.27,5.76
289,600823.SH,20190130,3.88,4473.2061,1.18,6.5406,86.87,0.01942007545773489,24.27,5.76
290,600823.SH,20190129,3.86,2905.8358,1.16,6.5069,-25.04000000000002,-0.008617142097292635,24.27,5.76
291,600823.SH,20190128,3.88,2326.5388,1.17,6.5406,-194.33000000000004,-0.08352751305931372,24.27,5.76
292,600823.SH,20190125,3.89,2200.8759999999997,1.17,6.5574,105.38999999999999,0.047885478327720415,24.27,5.76
293,600823.SH,20190124,3.89,2151.0284,1.18,6.5574,-27.359999999999957,-0.012719497334391287,24.27,5.76
294,600823.SH,20190123,3.86,1710.6949,1.16,6.5069,-175.93,-0.10284124889832781,24.27,5.76
295,600823.SH,20190122,3.86,2579.623,1.14,6.5069,-71.07000000000005,-0.027550537423491745,24.27,5.76
296,600823.SH,20190121,3.88,2628.7499,1.14,6.5406,-271.69,-0.10335330873431513,24.27,5.76
297,600823.SH,20190118,3.9,1993.4274,1.14,6.5743,-111.54000000000002,-0.055953881239918755,24.27,5.76
298,600823.SH,20190117,3.87,1935.9413,1.12,6.5237,1.6800000000000068,0.0008677949067980558,24.27,5.76
299,600823.SH,20190116,3.87,1640.9234000000001,1.11,6.5237,5.899999999999977,0.0035955365131608076,24.27,5.76
300,600823.SH,20190115,3.89,2559.1455,1.11,6.5574,174.15000000000003,0.06805005811510133,24.27,5.76
301,600823.SH,20190114,3.86,2056.1171,1.11,6.5069,-37.69999999999999,-0.018335531570648378,24.27,5.76
302,600823.SH,20190111,3.86,1950.7848000000001,1.1,6.5069,-100.09000000000007,-0.05130755581035903,24.27,5.76
303,600823.SH,20190110,3.85,1896.9723999999999,1.09,6.49,-30.55000000000001,-0.016104609640077004,24.27,5.76
304,600823.SH,20190109,3.86,2805.3611,1.1,6.5069,-47.20999999999992,-0.016828493130527804,24.27,5.76
305,600823.SH,20190108,3.85,1883.5788,1.09,6.49,-45.329999999999984,-0.02406588989003273,24.27,5.76
306,600823.SH,20190107,3.86,3256.5213,1.08,6.5069,-219.89,-0.06752297305716994,24.27,5.76
307,600823.SH,20190104,3.82,2813.1850999999997,1.09,6.4394,-13.11000000000007,-0.004660198150487883,24.27,5.76
308,600823.SH,20190103,3.74,1534.4097,1.08,6.3046,-1.1200000000000045,-0.0007299223929567211,24.27,5.76
309,600823.SH,20190102,3.73,1342.7063,1.07,6.2877,25.220000000000006,0.018782960949836912,24.27,5.76
310,600823.SH,20181228,3.76,1681.6178,1.08,6.3383,274.78000000000003,0.16340217140898486,24.27,5.76
311,600823.SH,20181227,3.75,2570.4885,1.08,6.3214,-305.54999999999995,-0.11886845632649201,24.27,5.76
312,600823.SH,20181224,3.85,1160.1549,1.1,6.49,-97.49000000000001,-0.08403188229433846,24.27,5.76
313,600823.SH,20181221,3.82,2378.293,1.1,6.4394,-362.15,-0.15227307989385663,24.27,5.76
314,600823.SH,20181220,3.87,1865.0223999999998,1.11,6.5237,-263.32000000000005,-0.1411886527475488,24.27,5.76
315,600823.SH,20181219,3.87,1802.9437999999998,1.12,6.5237,-57.360000000000014,-0.03181463559762652,24.27,5.76
316,600823.SH,20181218,3.89,2623.853,1.11,6.5574,-350.71,-0.13366221354626193,24.27,5.76
317,600823.SH,20181217,3.93,2311.2485,1.12,6.6249,120.88,0.05230073702589747,24.27,5.76
318,600823.SH,20181214,3.96,2872.9054,1.1,6.6754,-449.96,-0.15662193401843302,24.27,5.76
319,600823.SH,20181213,4.0200000000000005,4043.9288,1.09,6.7766,493.8899999999999,0.12213123040148478,24.27,5.76
320,600823.SH,20181212,3.97,2355.8741,1.08,6.6923,261.02000000000004,0.11079539437188092,24.27,5.76
321,600823.SH,20181211,3.92,1264.5074,1.08,6.608,65.31999999999996,0.051656479036817,24.27,5.76
322,600823.SH,20181210,3.89,2090.3534,1.07,6.5574,209.09,0.10002614868854233,24.27,5.76
323,600823.SH,20181207,3.95,1560.0139,1.08,6.6586,-180.67,-0.1158130706399475,24.27,5.76
324,600823.SH,20181206,3.96,2396.3999,1.09,6.6754,-717.65,-0.2994700508875835,24.27,5.76
325,600823.SH,20181205,4.03,2966.4134,1.1,6.7934,258.0799999999999,0.08700068574393574,24.27,5.76
326,600823.SH,20181204,4.0600000000000005,4075.6429,1.11,6.844,5.340000000000089,0.0013102227381108606,24.27,5.76
327,600823.SH,20181203,4.03,4200.9726,1.08,6.7934,-109.53000000000003,-0.026072533774678757,24.27,5.76
328,600823.SH,20181130,3.96,2628.574,1.08,6.6754,-131.45000000000005,-0.050008103252942485,24.27,5.76
329,600823.SH,20181129,3.94,2884.3242999999998,1.07,6.6417,-449.07000000000005,-0.15569331090820823,24.27,5.76
330,600823.SH,20181128,4.0200000000000005,3000.9303,1.08,6.7766,266.44,0.08878580085648774,24.27,5.76
331,600823.SH,20181127,3.98,4127.778899999999,1.07,6.7091,50.60999999999987,0.012260831121550594,24.27,5.76
332,600823.SH,20181126,3.93,3339.4072,1.05,6.6249,102.19000000000003,0.030601239645168168,24.27,5.76
333,600823.SH,20181123,4.0,5632.3642,1.05,6.7429,-546.0,-0.0969397540024134,24.27,5.76
334,600823.SH,20181122,4.16,4132.519200000001,1.09,7.0126,255.08999999999992,0.061727480903173995,24.27,5.76
335,600823.SH,20181121,4.17,4650.119000000001,1.1,7.0294,483.00000000000017,0.1038683096067004,24.27,5.76
336,600823.SH,20181120,4.14,8324.975900000001,1.08,6.9789,-1837.27,-0.2206937319782511,24.27,5.76
337,600823.SH,20181119,4.32,9899.5422,1.09,7.2823,549.8900000000001,0.05554701307298838,24.27,5.76
338,600823.SH,20181116,4.2700000000000005,9795.7464,1.1,7.198,154.47000000000003,0.015769089326363128,24.27,5.76
339,600823.SH,20181115,4.16,3114.4223,1.13,7.0126,-481.64,-0.1546482633392395,24.27,5.76
340,600823.SH,20181114,4.14,4787.3242,1.13,6.9789,-583.1299999999999,-0.12180708379850269,24.27,5.76
341,600823.SH,20181113,4.14,6013.5804,1.14,6.9789,-400.0200000000001,-0.06651943989973097,24.27,5.76
342,600823.SH,20181112,4.090000000000001,5417.7105,1.13,6.8946,-552.1400000000001,-0.1019138988692733,24.27,5.76
343,600823.SH,20181109,3.97,2954.9749,1.12,6.6923,-297.51,-0.10068105823843038,24.27,5.76
344,600823.SH,20181108,4.03,2468.7357,1.11,6.7934,166.02999999999997,0.0672530477847426,24.27,5.76
345,600823.SH,20181107,4.05,3623.6345,1.13,6.8271,-347.27,-0.09583472063752566,24.27,5.76
346,600823.SH,20181106,4.09,4954.6469,1.14,6.8946,-179.44000000000005,-0.03621650616515176,24.27,5.76
347,600823.SH,20181105,4.04,4192.7579,1.11,6.8103,-342.92,-0.08178864799229167,24.27,5.76
348,600823.SH,20181102,4.08,5098.5846,1.11,6.8777,-391.3099999999999,-0.07674875101611531,24.27,5.76
349,600823.SH,20181101,4.0200000000000005,7330.7168,1.09,6.7766,-167.10000000000014,-0.02279449671279078,24.27,5.76
350,600823.SH,20181031,4.03,6100.138,1.1,6.7934,-397.92999999999984,-0.06523295046767792,20.35,3.26
351,600823.SH,20181030,4.06,4670.7785,1.09,6.844,-460.82,-0.09866021263907075,20.35,3.26
352,600823.SH,20181029,4.01,5111.0439,1.05,6.7597,-1485.73,-0.2906901269229952,20.35,3.26
353,600823.SH,20181026,4.06,8039.9833,1.01,6.844,809.2900000000001,0.10065816927754068,20.35,3.26
354,600823.SH,20181025,3.98,6260.9045,0.98,6.7091,1104.6,0.17642818222191378,20.35,3.26
355,600823.SH,20181024,3.86,3421.1227,0.98,6.5069,295.25999999999993,0.0863050015715601,20.35,3.26
356,600823.SH,20181023,3.83,4285.8616,0.93,6.4563,-423.43999999999994,-0.098799270606405,20.35,3.26
357,600823.SH,20181022,3.87,6192.8492,0.93,6.5237,-71.64999999999998,-0.011569795692748337,20.35,3.26
358,600823.SH,20181019,3.7,4526.949500000001,0.91,6.2371,-27.959999999999923,-0.006176344578175639,20.35,3.26
359,600823.SH,20181018,3.59,2463.1533,0.86,6.0517,-34.64999999999998,-0.014067333933295982,20.35,3.26
360,600823.SH,20181016,3.57,3511.0881999999997,0.87,6.018,-594.35,-0.16927800332671794,20.35,3.26
361,600823.SH,20181015,3.67,3833.0326999999997,0.87,6.1866,-260.56,-0.06797750512277133,20.35,3.26
362,600823.SH,20181012,3.73,5046.125099999999,0.88,6.2877,1.9500000000000455,0.0003864351282135367,20.35,3.26
363,600823.SH,20181011,3.69,7580.5698,0.92,6.2203,-961.9799999999998,-0.12690075091716718,20.35,3.26
364,600823.SH,20181010,4.04,3690.9233999999997,0.96,6.8103,62.849999999999994,0.017028259107192526,20.35,3.26
365,600823.SH,20181009,4.0600000000000005,2855.9488,1.0,6.844,-275.45000000000005,-0.0964478074676969,20.35,3.26
366,600823.SH,20181008,4.08,5740.0755,1.01,6.8777,-56.35000000000015,-0.009816944045422426,20.35,3.26
367,600823.SH,20180928,4.27,4250.5233,1.06,7.198,-142.42999999999995,-0.0335088152557592,20.35,3.26
368,600823.SH,20180927,4.28,2721.8025000000002,1.08,7.2149,-2.359999999999971,-0.0008670724639278459,20.35,3.26
369,600823.SH,20180926,4.31,4141.888,1.09,7.2654,351.12,0.08477293446853222,20.35,3.26
370,600823.SH,20180921,4.42,5480.121499999999,1.11,7.4509,727.8399999999999,0.1328145735454953,20.35,3.26
371,600823.SH,20180920,4.35,4463.8179,1.11,7.3329,-592.98,-0.13284144050768737,20.35,3.26
372,600823.SH,20180919,4.38,7490.4615,1.11,7.3834,990.3000000000002,0.13220814231539674,20.35,3.26
373,600823.SH,20180918,4.24,2502.5419,1.09,7.1474,-89.46,-0.03574765321611598,20.35,3.26
374,600823.SH,20180917,4.21,2342.3113000000003,1.09,7.0969,-172.36999999999998,-0.0735897060309618,20.35,3.26
375,600823.SH,20180914,4.23,2325.9502,1.1,7.1306,-324.28000000000003,-0.13941829021102858,20.35,3.26
376,600823.SH,20180913,4.27,2411.8601,1.1,7.198,-178.05,-0.07382268979863302,20.35,3.26
377,600823.SH,20180912,4.26,3365.8892,1.1,7.1811,241.07,0.07162149009539588,20.35,3.26
378,600823.SH,20180911,4.24,4196.9475,1.1,7.1474,141.3599999999999,0.03368162217897648,20.35,3.26
379,600823.SH,20180910,4.2700000000000005,4704.347299999999,1.11,7.198,119.73000000000002,0.025450927060593515,20.35,3.26
380,600823.SH,20180907,4.260000000000001,4683.0506000000005,1.1,7.1811,496.42999999999995,0.10600568783091942,20.35,3.26
381,600823.SH,20180906,4.19,3996.4811,1.11,7.0631,-585.4200000000001,-0.14648386551859335,20.35,3.26
382,600823.SH,20180905,4.27,3047.4901,1.12,7.198,316.68000000000006,0.10391502174199026,20.35,3.26
383,600823.SH,20180904,4.300000000000001,4955.0367,1.11,7.2486,-532.77,-0.10752089888658141,20.35,3.26
384,600823.SH,20180903,4.239999999999999,3330.0957000000003,1.09,7.1474,-353.9000000000001,-0.10627322211791092,20.35,3.26
385,600823.SH,20180831,4.2700000000000005,5529.7581,1.08,7.198,1044.97,0.1889720998826332,20.35,3.26
386,600823.SH,20180830,4.25,4695.598,1.06,7.1643,-984.98,-0.209766679345208,20.35,3.26
387,600823.SH,20180829,4.29,4652.4542,1.04,7.2317,118.85999999999987,0.025547806574861043,20.35,3.26
388,600823.SH,20180828,4.27,4566.688700000001,1.02,7.198,-273.46999999999997,-0.059883652678142905,20.35,3.26
389,600823.SH,20180827,4.28,8361.1116,1.02,7.2149,744.9199999999998,0.08909341671746132,20.35,3.26
390,600823.SH,20180824,4.199999999999999,8154.1867,0.98,7.08,2056.0199999999995,0.2521428654558522,20.35,3.26
391,600823.SH,20180823,4.12,4967.7059,0.97,6.9451,-135.2199999999998,-0.027219807839268383,2.03,1.07
392,600823.SH,20180822,4.07,2472.317,0.96,6.8609,180.01999999999998,0.07281428716463138,2.03,1.07
393,600823.SH,20180821,4.09,3658.3627,0.96,6.8946,476.98,0.13038073015559665,2.03,1.07
394,600823.SH,20180820,3.99,3469.0480000000002,0.95,6.726,-0.39999999999997726,-0.00011530540943797182,2.03,1.07
395,600823.SH,20180817,4.01,2170.2472000000002,0.96,6.7597,96.94999999999999,0.04467233041471035,2.03,1.07
396,600823.SH,20180816,4.04,2268.7738,0.98,6.8103,32.889999999999986,0.014496817620161159,2.03,1.07
397,600823.SH,20180815,4.050000000000001,2374.6965,0.98,6.8271,-48.08000000000004,-0.020246797853957353,2.03,1.07
398,600823.SH,20180814,4.13,2241.5538,0.98,6.962,-372.0899999999999,-0.1659964619185138,2.03,1.07
399,600823.SH,20180813,4.14,5228.6122000000005,0.98,6.9789,-393.84000000000003,-0.0753240028013552,2.03,1.07
400,600823.SH,20180810,4.15,6188.7835,0.98,6.9957,523.9699999999997,0.0846644578857864,2.03,1.07
401,600823.SH,20180809,4.09,4907.9205999999995,0.97,6.8946,-505.51,-0.1029988137949909,2.03,1.07
402,600823.SH,20180808,4.01,3207.9471000000003,0.97,6.7597,-71.60999999999996,-0.02232268730366531,2.03,1.07
403,600823.SH,20180807,4.04,3677.8161999999998,0.97,6.8103,598.45,0.162718843861746,2.03,1.07
404,600823.SH,20180806,3.97,3609.262,0.97,6.6923,-212.87000000000006,-0.058978816167959004,2.03,1.07
405,600823.SH,20180803,3.99,2987.3635,0.96,6.726,-284.96000000000004,-0.09538845875301082,2.03,1.07
406,600823.SH,20180802,3.98,4544.5972,0.95,6.7091,-969.6499999999999,-0.21336324372157775,2.03,1.07
407,600823.SH,20180801,4.08,6100.948399999999,0.95,6.8777,-1553.9899999999998,-0.25471285743049393,2.03,1.07
408,600823.SH,20180731,4.21,3057.4088,0.95,7.0969,-422.44000000000017,-0.138169288974376,2.03,1.07
409,600823.SH,20180730,4.19,3744.5637,0.91,7.0631,-583.3699999999999,-0.1557911806921591,2.03,1.07
410,600823.SH,20180727,4.22,4701.1252,0.9,7.1137,414.01,0.08806615063134246,2.03,1.07
411,600823.SH,20180726,4.180000000000001,4545.9983,0.89,7.0463,237.11000000000013,0.05215796055181105,2.03,1.07
412,600823.SH,20180725,4.21,4611.0252,0.89,7.0969,-254.9000000000001,-0.05528054802216221,2.03,1.07
413,600823.SH,20180724,4.180000000000001,7525.1375,0.89,7.0463,315.2099999999996,0.04188760670486082,2.03,1.07
414,600823.SH,20180723,4.11,5019.6797,0.89,6.9283,-24.040000000000077,-0.004789150192192558,2.03,1.07
415,600823.SH,20180720,4.04,3579.7254999999996,0.87,6.8103,719.69,0.20104614166644905,2.03,1.07
416,600823.SH,20180719,3.97,1719.1859,0.86,6.6923,-288.85,-0.16801557062560835,2.03,1.07
417,600823.SH,20180718,3.99,2528.9268,0.86,6.726,-202.81000000000006,-0.08019607368627674,2.03,1.07
418,600823.SH,20180717,4.03,2331.0647,0.87,6.7934,-124.16,-0.05326321487344388,2.03,1.07
419,600823.SH,20180716,4.01,4812.5205000000005,0.87,6.7597,-1111.86,-0.23103486000734955,2.03,1.07
420,600823.SH,20180713,4.1,5740.5948,0.86,6.9114,849.1699999999998,0.14792369599052696,2.03,1.07
421,600823.SH,20180712,3.99,2981.5714,0.85,6.726,41.71999999999997,0.013992621474702894,2.03,1.07
422,600823.SH,20180711,3.89,3616.0161,0.82,6.5574,-829.06,-0.22927442164873105,2.03,1.07
423,600823.SH,20180710,3.99,2758.8285,0.82,6.726,-62.45,-0.022636419770203187,2.03,1.07
424,600823.SH,20180709,3.96,3658.1178999999997,0.81,6.6754,-239.84000000000003,-0.06556376982819499,2.03,1.07
425,600823.SH,20180706,3.85,3652.7928999999995,0.79,6.49,-685.6700000000001,-0.18771116205356186,2.03,1.07
426,600823.SH,20180705,3.94,4385.8191,0.79,6.6417,-466.60000000000014,-0.106388336901538,2.03,1.07
427,600823.SH,20180704,4.05,2490.6652999999997,0.8,6.8271,-150.07999999999998,-0.060256992378702995,2.03,1.07
428,600823.SH,20180703,4.08,2938.077,0.81,6.8777,-334.70000000000005,-0.11391804911852209,2.03,1.07
429,600823.SH,20180629,4.18,3193.5492,0.83,7.0463,162.06999999999988,0.050749179001219044,2.03,1.07
430,600823.SH,20180628,4.1000000000000005,2662.8131000000003,0.83,6.9114,-15.629999999999995,-0.005869732276741463,2.03,1.07
431,600823.SH,20180627,4.14,3451.6566,0.82,6.9789,-708.76,-0.20533908268858497,2.03,1.07
432,600823.SH,20180626,4.21,4144.9799,0.85,7.0969,-735.48,-0.17743873739894372,2.03,1.07
433,600823.SH,20180625,4.29,4098.0212,0.84,7.2317,-1116.74,-0.27250713100264096,2.03,1.07
434,600823.SH,20180622,4.34,3579.2608999999998,0.85,7.316,438.3200000000001,0.1224610365788088,2.03,1.07
435,600823.SH,20180621,4.3,6418.0388,0.84,7.2486,277.5799999999999,0.04324997225008984,2.03,1.07
436,600823.SH,20180620,4.3100000000000005,6106.679,0.85,7.2654,-1134.86,-0.18583914432050544,2.03,1.07
437,600823.SH,20180619,4.31,9525.9874,0.8,7.2654,-447.60000000000014,-0.04698725509546655,2.03,1.07
438,600823.SH,20180615,4.61,5907.3998,0.79,7.7711,688.48,0.11654535384586633,2.03,1.07
439,600823.SH,20180614,4.55,2799.4893,0.75,7.67,-132.76,-0.047422935318952635,2.03,1.07
440,600823.SH,20180613,4.57,4689.1655,0.75,7.7037,266.63,0.05686086362274908,2.03,1.07
441,600823.SH,20180612,4.57,2733.9895,0.73,7.7037,-431.67999999999995,-0.1578938031766398,2.03,1.07
442,600823.SH,20180611,4.55,4008.2095999999997,0.71,7.67,-380.6,-0.09495511412377239,2.03,1.07
443,600823.SH,20180608,4.51,5090.8951,0.65,7.6026,-886.7,-0.17417369295234547,2.03,1.07
444,600823.SH,20180607,4.62,3811.1839999999997,0.64,7.788,-70.58000000000004,-0.018519179341642922,2.03,1.07
445,600823.SH,20180606,4.63,3213.6403,0.61,7.8049,-195.88000000000005,-0.0609526834723849,2.03,1.07
446,600823.SH,20180605,4.63,3498.8785000000003,0.59,7.8049,-567.42,-0.1621719645309204,2.03,1.07
447,600823.SH,20180604,4.61,3448.6391000000003,0.58,7.7711,-265.0899999999999,-0.07686800280145287,2.03,1.07
448,600823.SH,20180601,4.569999999999999,4207.0991,0.55,7.7037,-553.31,-0.13151817602775268,2.03,1.07
449,600823.SH,20180531,4.58,4041.0238,0.52,7.7206,-592.07,-0.1465148510137456,2.03,1.07
450,600823.SH,20180530,4.56,6996.3368,0.51,7.6869,-1090.3400000000001,-0.1558444127503982,2.03,1.07
451,600823.SH,20180529,4.69,5324.804099999999,0.49,7.906,-814.5799999999998,-0.15297839783439168,2.03,1.07
452,600823.SH,20180528,4.74,3226.7138999999997,0.49,7.9903,-87.73000000000005,-0.02718865158761056,2.03,1.07
453,600823.SH,20180525,4.73,4383.7158,0.48,7.9734,730.95,0.16674210495123795,2.03,1.07
454,600823.SH,20180524,4.7700000000000005,4211.495,0.48,8.0408,-708.1600000000002,-0.16814931514818376,2.03,1.07
455,600823.SH,20180523,4.81,5028.8718,0.49,8.1083,-1114.54,-0.22162823876321525,2.03,1.07
456,600823.SH,20180521,4.9,5472.6123,0.5,8.26,-108.22000000000003,-0.019774834040408824,2.03,1.07
457,600823.SH,20180518,4.87,3860.1704,0.5,8.2094,190.12000000000018,0.04925171178971793,2.03,1.07
458,600823.SH,20180517,4.83,2447.4446,0.48,8.142,-278.16,-0.11365323652269801,2.03,1.07
459,600823.SH,20180516,4.859999999999999,3644.3453,0.48,8.1926,387.5500000000001,0.1063428320033231,2.03,1.07
460,600823.SH,20180515,4.890000000000001,4861.6374000000005,0.48,8.2431,-1268.18,-0.26085450140728306,2.03,1.07
461,600823.SH,20180514,4.89,4102.0695,0.48,8.2431,-37.32999999999987,-0.009100284624626637,2.03,1.07
462,600823.SH,20180511,4.87,4702.5611,0.49,8.2094,-873.8900000000001,-0.18583277950391758,2.03,1.07
463,600823.SH,20180510,4.9,5224.4234,0.46,8.26,-910.3500000000001,-0.17424889414590713,2.03,1.07
464,600823.SH,20180509,4.92,5528.4501,0.44,8.2937,-271.08,-0.04903363421874785,2.03,1.07
465,600823.SH,20180508,4.9,6227.3384,0.43,8.26,770.1700000000002,0.12367563002518062,2.03,1.07
466,600823.SH,20180507,4.88,9591.5273,0.4,8.2263,790.4600000000003,0.08241231821338821,2.03,1.07
467,600823.SH,20180504,4.7700000000000005,4142.8046,0.35,8.0408,-741.14,-0.17889813099077856,2.03,1.07
468,600823.SH,20180503,4.78,5774.3282,0.3,8.0577,-1156.7299999999996,-0.20032287045963193,2.03,1.07
469,600823.SH,20180502,4.75,5689.584,0.26,8.0071,-1033.64,-0.18167233316179182,2.03,1.07
470,600823.SH,20180427,4.77,7395.0863,0.22,8.0408,-1954.9399999999998,-0.26435661744745287,36.17,5.17
471,600823.SH,20180426,4.8,5323.900299999999,0.16,8.0914,-524.1200000000001,-0.09844662192490723,36.17,5.17
472,600823.SH,20180425,4.88,5453.9045,0.16,8.2263,-1098.9799999999998,-0.20150334498889738,36.17,5.17
473,600823.SH,20180424,4.93,8903.8576,0.17,8.3106,1701.4299999999998,0.19108908480297349,36.17,5.17
474,600823.SH,20180423,4.81,4066.0006000000003,0.16,8.1083,-400.0400000000001,-0.0983866062390645,36.17,5.17
475,600823.SH,20180420,4.8,6606.585300000001,0.16,8.0914,-762.2900000000003,-0.1153833584802122,36.17,5.17
476,600823.SH,20180419,4.890000000000001,5927.6161999999995,0.19,8.2431,-765.3199999999998,-0.12911092320720763,36.17,5.17
477,600823.SH,20180418,4.9,7700.147800000001,0.19,8.26,-533.31,-0.06925970953440659,36.17,5.17
478,600823.SH,20180417,4.88,6545.3237,0.2,8.2263,-1111.9500000000003,-0.16988464604126458,36.17,5.17
479,600823.SH,20180416,4.92,10905.7695,0.19,8.2937,-4035.7400000000002,-0.3700555013564151,36.17,5.17
480,600823.SH,20180413,5.05,6410.4178999999995,0.2,8.5128,-918.99,-0.14335882844705025,36.17,5.17
481,600823.SH,20180412,5.08,7094.1467999999995,0.2,8.5634,-60.75000000000023,-0.008563397644943044,36.17,5.17
482,600823.SH,20180411,5.119999999999999,16012.9414,0.2,8.6308,2406.57,0.1502890655679287,36.17,5.17
483,600823.SH,20180410,5.04,9546.9667,0.18,8.496,1864.0600000000004,0.1952515451845035,36.17,5.17
484,600823.SH,20180409,4.94,8175.445900000001,0.16,8.3274,-1506.64,-0.18428841905736298,36.17,5.17
485,600823.SH,20180404,4.98,7557.1855,0.15,8.3948,-890.19,-0.11779385328043093,36.17,5.17
486,600823.SH,20180403,5.03,7395.746700000001,0.16,8.4791,-155.0199999999999,-0.020960696233687924,36.17,5.17
487,600823.SH,20180329,5.07,16632.672700000003,0.15,8.5466,221.08999999999992,0.013292511912412002,36.17,5.17
488,600823.SH,20180328,4.92,8234.9251,0.15,8.2937,834.9300000000001,0.10138890030705926,36.17,5.17
489,600823.SH,20180327,4.92,7882.687,0.16,8.2937,297.7700000000001,0.037775190109666935,36.17,5.17
490,600823.SH,20180326,4.86,7545.7742,0.16,8.1926,-1018.7500000000002,-0.13500934072477286,36.17,5.17
491,600823.SH,20180323,4.83,22084.5406,0.16,8.142,-6726.37,-0.304573688981332,24.63,0.16
492,600823.SH,20180322,5.12,6255.4198,0.15,9.0644,373.4100000000002,0.0596938354161299,24.63,0.16
493,600823.SH,20180321,5.08,5970.2744,0.15,8.9936,305.43999999999994,0.051160127581405625,24.63,0.16
494,600823.SH,20180320,5.08,7296.7524,0.15,8.9936,-605.57,-0.08299171560213556,24.63,0.16
495,600823.SH,20180319,5.09,11436.1195,0.16,9.0113,-3252.09,-0.2843700610158892,24.63,0.16
496,600823.SH,20180316,5.17,9445.1774,0.18,9.1529,-865.24,-0.09160653774486013,24.63,0.16
497,600823.SH,20180315,5.220000000000001,7786.6239000000005,0.2,9.2415,332.15999999999985,0.042657768535603706,24.63,0.16
498,600823.SH,20180314,5.25,10057.4092,0.19,9.2946,-697.81,-0.0693826795871048,24.63,0.16
499,600823.SH,20180313,5.29,15976.108799999998,0.19,9.3654,1756.53,0.10994729830583028,24.63,0.16
500,600823.SH,20180312,5.239999999999999,13395.059299999999,0.19,9.2769,-587.0600000000002,-0.043826607023680755,24.63,0.16
501,600823.SH,20180309,5.239999999999999,12286.4947,0.2,9.2769,-2431.9699999999993,-0.1979384730455302,24.63,0.16
502,600823.SH,20180308,5.25,13409.826000000001,0.2,9.2946,3023.3500000000004,0.22545780981796484,24.63,0.16
503,600823.SH,20180307,5.17,13002.4268,0.2,9.1529,-2938.3999999999996,-0.22598858237756045,24.63,0.16
504,600823.SH,20180306,5.26,18273.7909,0.23,9.3123,979.1100000000001,0.05358001551829074,24.63,0.16
505,600823.SH,20180305,5.109999999999999,8899.9655,0.2,9.0467,-2214.2599999999998,-0.2487942228540099,24.63,0.16
506,600823.SH,20180302,5.14,12776.892100000001,0.21,9.0998,-2462.7400000000002,-0.19274953413749185,24.63,0.16
507,600823.SH,20180301,5.23,16132.4474,0.21,9.2592,-4544.18,-0.2816795175169764,24.63,0.16
508,600823.SH,20180228,5.3,18432.5536,0.21,9.3831,376.03999999999996,0.02040086296019234,24.63,0.16
509,600823.SH,20180227,5.27,13094.4018,0.2,9.33,-1509.6200000000003,-0.11528743527634842,24.63,0.16
510,600823.SH,20180226,5.34,21174.456400000003,0.22,9.4539,-1620.5199999999998,-0.07653183483850852,24.63,0.16
511,600823.SH,20180223,5.3,16907.7289,0.23,9.3831,-773.1400000000001,-0.045727016595351264,24.63,0.16
512,600823.SH,20180222,5.279999999999999,21306.1643,0.23,9.3477,-977.1200000000003,-0.04586090608528727,24.63,0.16
513,600823.SH,20180214,5.08,9848.3111,0.22,8.9936,-1148.5599999999997,-0.1166250729020938,24.63,0.16
514,600823.SH,20180213,5.09,18244.2847,0.21,9.0113,-1290.2099999999991,-0.07071858509202057,24.63,0.16
515,600823.SH,20180212,5.06,12827.9669,0.22,8.9582,-1336.7199999999998,-0.10420357414548675,24.63,0.16
516,600823.SH,20180209,5.0,22955.1633,0.22,8.852,-3233.26,-0.1408510999353248,24.63,0.16
517,600823.SH,20180208,5.3,14973.118599999998,0.25,9.3831,-891.2099999999996,-0.0595206665897911,24.63,0.16
518,600823.SH,20180207,5.29,31091.4502,0.26,9.3654,-3964.3000000000006,-0.12750450604584537,24.63,0.16
519,600823.SH,20180206,5.39,26841.701299999997,0.23,9.5424,-3636.2800000000007,-0.13547129369180488,24.63,0.16
520,600823.SH,20180205,5.75,22322.1306,0.23,10.1798,1633.3000000000002,0.07316953875361701,24.63,0.16
521,600823.SH,20180202,5.61,29066.665999999997,0.21,9.9319,-1108.13,-0.03812373940650779,24.63,0.16
522,600823.SH,20180201,5.69,29726.9686,0.2,10.0735,-1658.8100000000009,-0.05580151889419363,24.63,0.16
523,600823.SH,20180131,5.859999999999999,30078.788099999998,0.2,10.3745,-1883.2200000000003,-0.06260957036364109,24.63,0.16
524,600823.SH,20180130,5.97,25863.3276,0.2,10.5693,-2366.1900000000005,-0.09148822752413345,24.63,0.16
525,600823.SH,20180129,5.96,36033.0,0.21,10.5515,-5626.720000000001,-0.1561546360280854,24.63,0.16
526,600823.SH,20180126,6.01,49070.1737,0.21,10.6401,5699.079999999999,0.11614142706814994,24.63,0.16
527,600823.SH,20180125,5.819999999999999,31064.730099999997,0.22,10.3037,-4649.9400000000005,-0.14968551102911404,24.63,0.16
528,600823.SH,20180124,5.880000000000001,43757.1609,0.23,10.4099,-9773.689999999999,-0.22336206917848728,24.63,0.16
529,600823.SH,20180123,6.0,51993.4457,0.22,10.6224,-2622.470000000002,-0.050438472863128636,24.63,0.16
530,600823.SH,20180122,5.94,31481.3396,0.22,10.5161,-4127.5199999999995,-0.13111004971338638,24.63,0.16
531,600823.SH,20180119,5.890000000000001,51659.1098,0.21,10.4276,-4587.660000000001,-0.08880640835200766,24.63,0.16
532,600823.SH,20180118,5.930000000000001,43548.9538,0.21,10.4984,-5801.199999999999,-0.13321100724123477,24.63,0.16
533,600823.SH,20180117,5.930000000000001,104988.51299999999,0.21,10.4984,-25718.15000000001,-0.24496156069950253,24.63,0.16
534,600823.SH,20180116,6.54,117817.0341,0.21,11.5784,-9783.650000000005,-0.08304104813651904,24.63,0.16
535,600823.SH,20180115,6.17,62131.92510000001,0.26,10.9233,124.36999999999898,0.0020017084582495733,24.63,0.16
536,600823.SH,20180112,6.3100000000000005,89083.6648,0.24,11.1712,-11332.27,-0.12720929280852847,24.63,0.16
537,600823.SH,20180111,6.38,99234.1199,0.23,11.2951,-7538.98,-0.0759716517624902,24.63,0.16
538,600823.SH,20180110,6.65,119494.0,0.23,11.7731,11526.990000000002,0.09646501079552113,24.63,0.16
539,600823.SH,20180109,6.37,158721.1788,0.25,11.2774,-10560.970000000001,-0.06653787528447969,24.63,0.16
540,600823.SH,20180108,6.15,121182.1918,0.2,10.8879,5817.0899999999965,0.048002845249742354,24.63,0.16
541,600823.SH,20180105,5.59,72622.5504,0.21,9.8965,15952.379999999997,0.21966152265564057,24.63,0.16
542,600823.SH,20180104,5.1,9267.716499999999,0.21,9.029,-1391.0499999999997,-0.1500963047369867,24.63,0.16
543,600823.SH,20180103,5.1,12001.8261,0.21,9.029,1691.5500000000002,0.14094105229536696,24.63,0.16
544,600823.SH,20180102,5.08,13285.1827,0.21,8.9936,1518.2699999999998,0.11428295976689878,24.63,0.16
545,600823.SH,20171229,4.94,4287.4863,0.2,8.7457,-73.81,-0.017215215358239163,24.63,0.16
546,600823.SH,20171228,4.880000000000001,3459.6256999999996,0.21,8.6395,-418.48999999999995,-0.12096395283455086,24.63,0.16
547,600823.SH,20171227,4.890000000000001,4182.6785,0.2,8.6572,-1320.19,-0.3156326741345289,24.63,0.16
548,600823.SH,20171222,4.83,4811.9061,0.2,8.551,-1242.8599999999997,-0.2582884981899376,24.63,0.16
549,600823.SH,20171221,4.87,7683.9304,0.2,8.6218,-404.3499999999999,-0.0526228087646395,24.63,0.16
550,600823.SH,20171220,4.87,4634.6567000000005,0.19,8.6218,-996.77,-0.21506878815857058,24.63,0.16
551,600823.SH,20171219,4.93,2784.6746,0.19,8.728,-692.6,-0.2487184678597636,24.63,0.16
552,600823.SH,20171218,4.92,2872.0670999999998,0.19,8.7103,-551.12,-0.19188966720171685,24.63,0.16
553,600823.SH,20171215,4.93,3538.6171999999997,0.19,8.728,-485.38000000000005,-0.13716657455912443,24.63,0.16
554,600823.SH,20171214,4.98,3690.3779999999997,0.2,8.8166,-541.0800000000002,-0.14661912682115497,24.63,0.16
555,600823.SH,20171213,4.99,3840.4795,0.2,8.8343,-638.9599999999999,-0.16637505811448802,24.63,0.16
556,600823.SH,20171212,4.98,4511.3741,0.2,8.8166,-236.69000000000005,-0.052465167985071344,24.63,0.16
557,600823.SH,20171211,5.03,6058.6273,0.2,8.9051,-492.8899999999999,-0.08135341152277181,24.63,0.16
558,600823.SH,20171208,5.02,7818.8793000000005,0.2,8.8874,772.5900000000001,0.09881083597236244,24.63,0.16
559,600823.SH,20171207,4.98,7576.2908,0.21,8.8166,-677.26,-0.08939202808846777,24.63,0.16
560,600823.SH,20171206,4.94,3975.5343999999996,0.2,8.7457,-379.29999999999995,-0.0954085568974073,24.63,0.16
561,600823.SH,20171205,4.92,6513.8926,0.2,8.7103,-960.73,-0.14748938292289315,24.63,0.16
562,600823.SH,20171204,4.95,5495.6413999999995,0.19,8.7634,-746.6899999999998,-0.13586949104794208,24.63,0.16
563,600823.SH,20171201,5.010000000000001,7521.630499999999,0.19,8.8697,1169.8700000000003,0.15553409596496404,24.63,0.16
564,600823.SH,20171130,5.03,7955.6242,0.19,8.9051,-1246.7999999999997,-0.15671931813973813,24.63,0.16
565,600823.SH,20171129,5.09,11904.519400000001,0.21,9.0113,777.3699999999999,0.06530041019547583,24.63,0.16
566,600823.SH,20171128,4.97,4820.0422,0.2,8.7989,-1762.1000000000001,-0.3655777121619392,24.63,0.16
567,600823.SH,20171127,4.94,3229.6512,0.19,8.7457,244.13,0.0755902061498158,24.63,0.16
568,600823.SH,20171124,4.95,3245.2231,0.19,8.7634,232.87,0.07175777837893486,24.63,0.16
569,600823.SH,20171123,4.94,5967.9896,0.2,8.7457,-183.87,-0.030809370043138145,24.63,0.16
570,600823.SH,20171122,5.02,9464.5463,0.2,8.8874,218.08000000000015,0.023041780671515143,24.63,0.16
571,600823.SH,20171121,5.0200000000000005,8068.5145999999995,0.21,8.8874,1895.64,0.23494287288022014,24.63,0.16
572,600823.SH,20171120,4.91,4824.4137,0.22,8.6926,441.0800000000001,0.09142665356414191,24.63,0.16
573,600823.SH,20171117,4.93,6913.6007,0.22,8.728,280.1899999999999,0.040527362246998135,24.63,0.16
574,600823.SH,20171116,4.949999999999999,5903.6936000000005,0.22,8.7634,719.62,0.12189318226135583,24.63,0.16
575,600823.SH,20171115,4.93,4979.972,0.22,8.728,-404.23,-0.0811711391148384,24.63,0.16
576,600823.SH,20171114,4.949999999999999,5251.4812,0.23,8.7634,175.62,0.033441993470337474,24.63,0.16
577,600823.SH,20171113,4.95,5971.6979,0.25,8.7634,-208.8599999999998,-0.03497497755202918,24.63,0.16
578,600823.SH,20171110,4.99,4645.3852,0.26,8.8343,-837.75,-0.18034026543159437,24.63,0.16
579,600823.SH,20171109,5.04,4360.0231,0.27,8.9228,24.95,0.005722446745752333,24.63,0.16
580,600823.SH,20171108,5.029999999999999,4915.5801,0.29,8.9051,-24.95,-0.005075697983234979,24.63,0.16
581,600823.SH,20171107,5.0200000000000005,5104.8796999999995,0.32,8.8874,-73.10000000000002,-0.014319632253038212,24.63,0.16
582,600823.SH,20171106,5.0,4672.8597,0.32,8.852,-122.50999999999999,-0.026217350373262862,24.63,0.16
583,600823.SH,20171103,4.99,6875.193700000001,0.34,8.8343,101.87999999999994,0.014818491586644304,24.63,0.16
584,600823.SH,20171102,5.039999999999999,8996.9893,0.36,8.9228,-583.3999999999999,-0.06484391395241516,24.63,0.16
585,600823.SH,20171101,5.109999999999999,8314.5748,0.39,9.0467,-1118.3100000000004,-0.1344999626439106,24.63,0.16
586,600823.SH,20171031,5.12,14494.689699999999,0.43,9.0644,-2583.8899999999994,-0.17826459575743794,54.11,0.46
587,600823.SH,20171030,5.300000000000001,7243.1685,0.44,9.3831,-557.2500000000002,-0.07693456254676392,54.11,0.46
588,600823.SH,20171027,5.4,6191.2318,0.45,9.5601,447.68999999999977,0.07231032764756115,54.11,0.46
589,600823.SH,20171026,5.359999999999999,5371.7234,0.45,9.4893,-1625.2299999999998,-0.30255280828495373,54.11,0.46
590,600823.SH,20171025,5.37,5817.4313999999995,0.41,9.507,548.1399999999999,0.09422371529812967,54.11,0.46
591,600823.SH,20171024,5.300000000000001,4104.2856,0.43,9.3831,455.7599999999998,0.11104490389265304,54.11,0.46
592,600823.SH,20171023,5.2700000000000005,3692.0625,0.43,9.33,-114.32000000000009,-0.030963722851387293,54.11,0.46
593,600823.SH,20171020,5.29,2925.6297,0.44,9.3654,-438.9000000000001,-0.15001898565631874,54.11,0.46
594,600823.SH,20171019,5.24,6097.2928999999995,0.43,9.2769,-434.84000000000003,-0.07131689540451633,54.11,0.46
595,600823.SH,20171018,5.34,3445.8976000000002,0.45,9.4539,-345.2299999999999,-0.10018579774396079,54.11,0.46
596,600823.SH,20171017,5.33,3803.2549,0.45,9.4362,-951.05,-0.2500621244187446,54.11,0.46
597,600823.SH,20171016,5.34,6308.8364,0.45,9.4539,-1422.39,-0.22545995962108006,54.11,0.46
598,600823.SH,20171013,5.42,4611.8457,0.46,9.5955,-901.5200000000001,-0.195479219957424,54.11,0.46
599,600823.SH,20171012,5.42,4437.6204,0.46,9.5955,-266.39,-0.06002992054029678,54.11,0.46
600,600823.SH,20171011,5.46,5497.7323,0.47,9.6663,293.86000000000007,0.05345112929561886,54.11,0.46
601,600823.SH,20171010,5.44,4592.478,0.49,9.6309,-407.05,-0.08863406640162456,54.11,0.46
602,600823.SH,20171009,5.41,8425.3663,0.49,9.5778,-1765.91,-0.20959444813693145,54.11,0.46
